1389734720632729600
1389407078792327174
1389758078468435969
1389756262540365824
1389757596647796739
1389664567463223304
1389665967488315397
1389669136524103682
1389757329248247812
1389665793873428481
1389755569280536577
1389738208334856197
1389361632262905856
1389347416718053376
1389564599758843905
1389214760063827968
1389214760017686530
1389564599758823426
1389704029391900674
1389614252667723782
1389396844057292803
1389396836280983562
1389396830048296962
1389277237933797379
1389585836518170631
1389719894401249355
1389396840441778183
1389748609562812416
1389751788388052995
1389604473660534787
1389270238663872515
1389268722469113859
1389396832015446016
1389396822913781760
1389396815032643584
1389269305628315651
1389396818916642817
1389323986564128768
1389751593600491521
1389615292888883200
1389407594129756163
1389700334897963009
1389375906490159113
1389374604427157504
1389748291982684160
1389749499409489920
1389701346882768897
1389699387698212865
1389300863517212676
1389247388599169025
1389259155148574720
1389269257108721664
1389248317155053572
1389225950060089345
1389226906990661639
1389271956936134659
1389247621441769473
1389224631064748041
1389288227291422731
1389290684490919939
1389283377195405317
1389281943628525570
1389276169904836608
1389304816485257217
1389286396049960963
1389271997251784705
1389289944682844162
1389294196608192517
1389284807578947584
1389748505493843972
1389747896568922112
1389229978936651777
1389229692767674372
1389746694158315521
1389313248135196672
1389744900284067841
1389253707951484930
1389727645533835264
1389335238879424515
1389260041396568069
1389230168749789192
1389224067669151745
1389739066732818434
1389738758875062272
1389269606326407169
1389539879978156034
1389404763012308994
1389567401960738816
1389275428796321793
1389264654208176130
1389574923530559494
1389341313510694912
1389275042664488960
1389395885407182851
1389283355116535808
1389591896532525060
1389388103463227396
1389344234579267586
1389668586650628098
1389388677944541188
1389379160070529025
1389654188540370946
1389377802483290115
1389715227407568896
1389661887025930240
1389375440914042884
1389224917908873221
1389270264496541697
1389296804701691905
1389301072846409728
1389553403907362820
1389388663436419076
1389709570931445767
1389683825798643720
1389400776510894081
1389375439869648899
1389225187686584322
1389381083116965889
1389557268262232074
1389380675178950657
1389377197702488064
1389370551861268482
1389379080932319232
1389383468681859072
1389584866577043462
1389552605928464384
1389681145667723267
1389368045911437313
1389291806148366338
1389289036674596870
1389296576531554307
1389735422125776896
1389616445097578497
1389477687182327809
1389676352408752130
1389583943100293122
1389297882910498816
1389281385827819521
1389678890361053184
1389374275174371331
1389382883165437955
1389527211355492352
1389570522426404868
1389403171185782790
1389345539100086275
1389709221978071040
1389389797320380418
1389364408640368642
1389289597452967937
1389679512879730690
1389738336105811971
1389410719368503301
1389286857406439427
1389270289201000450
1389372584857280516
1389655369849339905
1389272178080641024
1389373752853422080
1389299064869572612
1389284305117933570
1389295130968879104
1389650627941134336
1389523974153904134
1389260705870717376
1389374389414555650
1389562544826720257
1389394126026600452
1389722834381926401
1389281075344527360
1389354693088841729
1389378760965648386
1389505062452355072
1389376700899753985
1389338345411551233
1389534483167158276
1389386308347256836
1389583990990860289
1389386224360595458
1389413562582327296
1389393718818467840
1389542137323159553
1389267891430649860
1389356715569664000
1389713512046366720
1389647552861990913
1389657362663804928
1389398907537412097
1389547973214969858
1389358282364440576
1389214951185653768
1389391666696515589
1389540726615150594
1389538002221760513
1389293121331101699
1389384454859227138
1389264286657118211
1389262680796504066
1389287783672344578
1389383520749977600
1389391226198282240
1389542602500755459
1389404583168921601
1389382231508930563
1389562895801864203
1389373795027144709
1389279735536963585
1389387922877542401
1389368295422234624
1389365984088125441
1389223770376728580
1389385072466219010
1389710637337546759
1389210817350946818
1389549888564875265
1389345704842199044
1389538747339862016
1389397620708151297
1389578918269575174
1389348430565105666
1389285528105754625
1389584958847479816
1389608802173939725
1389287171924897800
1389352202578186240
1389229574450401282
1389372232170754049
1389401242917478400
1389711120697479168
1389350049960783872
1389507879674138624
1389669599088570368
1389681010573385728
1389587416919404544
1389290784831119361
1389544369443819523
1389625176199819264
1389320592319340545
1389724506919297026
1389290044431630345
1389291160275877888
1389232166710640644
1389415244317876226
1389582248911900679
1389290997775953920
1389614058031108102
1389363100487348224
1389545961119260676
1389371224313131011
1389678507777683456
1389258082471976961
1389400106751827970
1389356465060675588
1389653595990069248
1389394939432210440
1389376071934435328
1389665215491366915
1389473758809780228
1389346785760485377
1389658199712690176
1389385817072685061
1389409161532764163
1389664877287940096
1389672093965422592
1389402913647124482
1389293739944779776
1389385852569014278
1389571702867185665
1389259227793821697
1389623963290980357
1389282104358305792
1389292978569580549
1389336664351199232
1389371045879062531
1389411577615454208
1389295596851253249
1389260315687194625
1389303705875353602
1389537144033583106
1389364841253466112
1389658397499269121
1389667027732684802
1389390134513049602
1389662095336042498
1389344632287367169
1389337263297863682
1389354262795145219
1389345632570134528
1389312634424467456
1389347013498609665
1389737833213038596
1389348885391298560
1389420484299616257
1389340489179033601
1389339325536432128
1389340211847458816
1389361765062905859
1389737570632749056
1389737122974691331
1389407246610796544
1389736770129039362
1389370197174329344
1389406939084378112
1389736033256869888
1389678528480694274
1389608821803261955
1389735848032231425
1389343613818179591
1389735428001910786
1389210823407534082
1389473765000572932
1389507885789450242
1389527217281986562
1389523980621475844
1389505069104517123
1389477693259878400
1389725503981039617
1389727064996073479
1389455462622453770
1389388258589790208
1389635364093112320
1389722989785018370
1389722751993143299
1389722751988994051
1389712546127622145
1389712144069918721
1389324865564381185
1389710913112928257
1389226677016932357
1389709799927992320
1389617805113364484
1389585523702964228
1389712023722897408
1389711852393967618
1389711841287417862
1389711578908463109
1389224815207329794
1389290819035746313
1389711186397122563
1389709302609244160
1389708345976627201
1389581514623442946
1389575532577058826
1389703554080952326
1389687581009448966
1389681067712516096
1389703406013489152
1389519215451848707
1389701513384140800
1389511139260866560
1389520156041306114
1389507676044935168
1389698569657995268
1389662884142141440
1389698469330358274
1389384460701888517
1389354699556409344
1389373759388221441
1389402920978771968
1389373800874082305
1389395891212017667
1389386314139652097
1389365989783965697
1389697524219490306
1389692335173382156
1389690541215031300
1389655377684287488
1389382890392223744
1389391672648241156
1389685126167240708
1389283906738864132
1389684226644193280
1389260121705009153
1389225563928268802
1389585733032230912
1389679691125121024
1389224415263612928
1389229241812897792
1389225295262146567
1389223993916469250
1389678989212536838
1389259588986413060
1389226675276238854
1389224745346928645
1389226028912893952
1389585282798870531
1389584966107942915
1389676697981788164
1389667658099052547
1389674049991856132
1389673234291851264
1389672754119593984
1389673022722908165
1389672910298755074
1389354028438409218
1389671630851350529
1389671248129581060
1389670815701078018
1389670650961350656
1389347435240202246
1389232018001702915
1389229950083997697
1389669374068408335
1389224419025956869
1389225368633106432
1389226642602659850
1389356025212547076
1389669023852470274
1389666833322627088
1389653909220757509
1389586970083569672
1389599042582241282
1389655624833773575
1389666269415280643
1389666264868610060
1389613771186860034
1389665536439693321
1389537468790317056
1389585916130365457
1389584031482789892
1389536624183234564
1389271635300130818
1389315917272817667
1389665071387844608
1389664295022120961
1389338577323008001
1389659044197978114
1389659889417523204
1389659102477967361
1389653604861050881
1389657368649105411
1389657118161125384
1389656352163876876
1389588089673236482
1389654522218287105
1389615468894461961
1389620924337594368
1389651107463503875
1389600802289946629
1389405492041162757
1389293700614873090
1389586564104212480
1389260484516491264
1389646658414198784
1389642764988583940
1389641408148037635
1389641310286536712
1389638837463404544
1389375303278026752
1389639522175102982
1389608834516230153
1389633901996515328
1389321640459313152
1389230704626700290
1389242032934330372
1389227431668686854
1389629567770501126
1389628964742836229
1389625183242047490
1389623969804816384
1389608815390203907
1389626071448948747
1389624136641691653
1389617959300173829
1389549897595199492
1389538753174151170
1389539889419636739
1389545970124328965
1389547981481943040
1389544377396174851
1389562901711646723
1389557274478223360
1389553409674473473
1389542608947486724
1389542143144775681
1389538008479670278
1389537149960159233
1389540736539009029
1389562551420129287
1389571709154390016
1389552611532054530
1389567408071864330
1389534489991208964
1389616193288409097
1389332317928312835
1389616071817170944
1389367040419446784
1389361751758606340
1389611536415698949
1389605575000997890
1389605969534009351
1389604962980745217
1389604357029515271
1389360737215082502
1389346811991650309
1389358584996106246
1389356641238142976
1389349270638108674
1389360237140869120
1389596802312192004
1389596006837211140
1389595929842536451
1389592770386567173
1389589214753341449
1389588793083285505
1389588155469336578
1389586879843119104
1389585825344720900
1389584184516153345
1389583806999453700
1389581711621697541
1389581416321757185
1389581062989307907
1389580951768928262
1389550744748109825
1389572426485440513
1389565134197170181
1389564697347862529
1389422903066775558
1389564631623028738
1389564601663111170
1389564599767244807
1389214760042856451
1389562024955420676
1389561761926373377
1389561384166436865
1389546549420740612
1389560733730549770
1389544503820918785
1389552968542851077
1389552835881222152
1389552791564206080
1389551989558816772
1389546777494294530
1389549411873824769
1389549385659392002
1389548898792923153
1389542572226400265
1389547518892122115
1389542872144359425
1389541231986884609
1389540952948228098
1389536578985472005
1389536369454759939
1389536102990729219
1389535281997656064
1389519315486056457
1389475574796668930
1389475170088275971
1389230432475041794
1389466441741647874
1389466434699415554
1389464831737139206
1389232290417594369
1389440175344918528
1389439839242702848
1389436031141924866
1389435179136077825
1389370768799195136
1389431625390383113
1389374395353755653
1389352208857063428
1389364847498858496
1389336670953107456
1389341319307227141
1389358288152653825
1389346792689471491
1389385078493483008
1389427999154520066
1389426097167683584
1389422992866877444
1389421860551528448
1389417991327129601
1389224265321525251
1389224906286632961
1389416713423306753
1389421853580709889
1389256114953408517
1389420766245031938
1389419866105450496
1389361503501959171
1389258845973848069
1389417859680546823
1389417410680303619
1389417304492953600
1389397867702505476
1389416695199109120
1389410191976841216
1389402809418895364
1389308919491792899
1389414832256872448
1389413919312302086
1389413202564321284
1389408775979798528
1389408634308907018
1389408624078991361
1389405790650372096
1389405055737081857
1389374913610399744
1389371843644207105
1389385084717912070
1389374769724788737
1389360634995822594
1389404487878684673
1389377277088129024
1389403789023748100
1389401782003044360
1389401631045869568
1389400995445227520
1389400598802571270
1389398102520512516
1389397174274961408
1389396200932184070
1389355309525831688
1389395235495718914
1389392295695425536
1389387259414253569
1389390698273771520
1389365386278223873
1389390299693207554
1389389662901444609
1389389234612621313
1389388869544599556
1389378781488553988
1389377164265525253
1389385085921726466
1389373383415107586
1389383823956320273
1389369602011025408
1389365819780517889
1389388210783100928
1389385983922212867
1389381411040333825
1389385125616660481
1389383973181300739
1389382492256358404
1389381864297832454
1389300942856671238
1389381488316088320
1389381191112003587
1389380945254440965
1389380944239411202
1389380284144132106
1389380021739999240
1389379808333762560
1389321433860517890
1389378929987829761
1389377997002711041
1389329444477841409
1389377187736956929
1389376414554656772
1389376235340505089
1389376227660685314
1389376145997578242
1389370370319343616
1389376062287753222
1389375959690792964
1389375905919873026
1389375460652560388
1389375350099136516
1389375325000413185
1389374434226622464
1389374433798889475
1389373874329038850
1389373812651794436
1389373183397187585
1389372450971033603
1389371914695630848
1389371173893517314
1389371090514944003
1389370652008886275
1389369987027058693
1389369132068577287
1389367939019808769
1389367831511371779
1389366971825860611
1389366966285225987
1389329504670130178
1389328863709175808
1389366526554173440
1389366274325626880
1389365944414351362
1389365180035960832
1389364537317601282
1389364256802476038
1389362956400435200
1389362380472266762
1389362240428589060
1389360834963517446
1389359000001601536
1389358237951086593
1389357183549284360
1389357131904831491
1389356397117251595
1389355519341744133
1389336645695049729
1389339161119789056
1389355240357515274
1389355156651880451
1389354639464796166
1389354327467171843
1389352390164422658
1389352067815313408
1389350469894656000
1389351627358982145
1389350469466722306
1389350259034398731
1389350244048068610
1389350089332645892
1389347744792424449
1389349527799357440
1389348505261690884
1389349463202934788
1389349415660531714
1389349386895994887
1389349367816069122
1389347528399851523
1389339652834873349
1389341552896618499
1389347422078476296
1389347419444363265
1389347228641333251
1389346001694171143
1389334960922836994
1389347163281448966
1389333938456473603
1389345696797675523
1389345203123900419
1389343375392923649
1389342241748144131
1389341657452191748
1389340417263505408
1389339955181367297
1389324670802014213
1389279745884426243
1389339814579871751
1389230485742800898
1389231785008144390
1389336269432492040
1389297765516292097
1389333951450427398
1389329840772374533
1389328636893966337
1389328459873329153
1389272555408723972
1389327944699596805
1389327907349274624
1389327014591713287
1389326687633092609
1389326251643506691
1389326005362384901
1389325782112157701
1389325778714759173
1389325684108152834
1389324529126739976
1389324015370752004
1389323866867130370
1389322938646736900
1389291992375566338
1389322846732800005
1389322162167762948
1389322321387794433
1389322209374711822
1389321509995433987
1389320959832772610
1389320676327178242
1389315523788279816
1389315043922223106
1389312344489086976
1389309099137974282
1389308781578924037
1389307983843270656
1389304783887024133
1389295137910452225
1389301079569883136
1389303711592161282
1389297888979677184
1389269613393813507
1389303289263579145
1389299483658305541
1389299106921734148
1389298681069899783
1389296545120636930
1389295224351084550
1389294769629696004
1389294576255574019
1389289742999687175
1389291003916394500
1389286863706329091
1389289043070910466
1389292984810627074
1389269626509434882
1389291534152081413
1389288730557657098
1389288336058114064
1389288011779776517
1389287496543088642
1389243293763084288
1389287176777601025
1389286055870930948
1389286030180761603
1389232998684430337
1389285506777763842
1389285504131248130
1389285404856262660
1389230023350136832
1389284480427380739
1389284438341738496
1389227561952108550
1389283765390880776
1389280668593672194
1389280366964445184
1389280060260200449
1389279816147427328
1389278856406835206
1389278803957010440
1389278193023131650
1389277768513425409
1389277542775939081
1389277459468718080
1389277094962765833
1389225695352610819
1389228311306510339
1389232173018877953
1389275049232764931
1389270295073099778
1389223776995274758
1389260712665489410
1389224924678549516
1389262689684258816
1389264660373725192
1389229580842532866
1389259234995445761
1389225194066120705
1389264293086986245
1389273265869361160
1389270859181871106
1389269714665451525
1389269324620255234
1389269142776303619
1389268921753247744
1389262222640177155
1389268737413554182
1389236274075213825
1389268159274815492
1389242958269108238
1389267758886621188
1389266878569271299
1389266513442582531
1389265914835648517
1389227159076577285
1389265663294722054
1389264243929853956
1389263976148709378
1389263445032415235
1389263247182807040
1389262543957417985
1389262461904297987
1389262349303943170
1389230815050178568
1389229490677616643
1389261625484615682
1389260126176137226
1389245798727172096
1389259677972713474
1389259351391711233
1389229814326992898
1389251601785892867
1389224610865061891
1389258789128396806
1389258388354240512
1389258318603030530
1389256521947754499
1389254570702999552
1389254531280773125
1389254444077010947
1389252684780347398
1389253078340317186
1389252108692725764
1389249769634140162
1389249620241485827
1389249471003959299
1389248677185785859
1389248064154705924
1389247902103506956
1389247226308829189
1389247161381097477
1389236564639854595
1389246966220132353
1389246354292097036
1389245698982436865
1389245662454292484
1389245512751190030
1389245427896172545
1389245117500952584
1389244588515373058
1389244185191100424
1389244022833786882
1389243894760620033
1389243879694733313
1389240855689576453
1389242760750936070
1389242063053541382
1389241441050836993
1389226274992889859
1389226998766219267
1389240955686031367
1389240008666648578
1389239714016808963
1389238632121311238
1389238422229897220
1389238400146939912
1389238293485789184
1389235829923618819
1389237719717617669
1389237625475813381
1389237472547180552
1389236139299643397
1389236037931634690
1389235974459297792
1389235470207356930
1389235308764573699
1389235234311450626
1389235066715480065
1389234953641242627
1389234257676099586
1389229240210571264
1389234216366481417
1389233919585816581
1389233767408099328
1389233630212407298
1389233612583804928
1389233122944831490
1389232615442591747
1389232571863773188
1389232218875338754
1389232131726090241
1389232090613436420
1389231987119038472
1389231920995786759
1389231735062372355
1389231567868817411
1389231528832552967
1389231520167120902
1389231499258499077
1389231343012306950
1389231138015780870
1389227111399890948
1389231071586177034
1389230979638779906
1389230935082770434
1389230884897783808
1389230797954199553
1389230791436161029
1389230786210115585
1389230772658348032
1389230604747694081
1389230497583321088
1389230468596436992
1389230259992764422
1389230184000376833
1389230106628001795
1389230068967354369
1389230021718519814
1389229714519244803
1389229676124680193
1389229473061609472
1389229458700242953
1389229316437913601
1389229262297763847
1389229236767035393
1389229228739158021
1389227821466329092
1389229137617989646
1389228900845244420
1389228850245160966
1389228849607680002
1389228758016696327
1389228463136067589
1389228232478793736
1389228215001141257
1389228071312576515
1389227775094099974
1389227051933073408
1389226719823998989
1389226687993352192
1389226664731807749
1389224498000547843
1389226530144989189
1389226425618735106
1389226358975475716
1389226186052603910
1389225356650024965
1389225039434764289
1389224806839721986
1389224380870365196
1389223816010768386
1389223095823699976
1389211849816788999
1389209892687392772
1389208713819561984
1389204119576010754
1389203482729713665
1389203085139103746
1389201420554055681
1389201297765773312
1389200634168098818
1389199409049653250
1389170422399262725
1387158081520472074
1387196967516839938
1387200912318476288
1387208985867128833
1389196806282747906
1387215714998755346
1387208980578058241
1387200915749416963
1389192686851305478
1387564243642425347
1387572602990997516
1389190780380762120
1389187860151025667
1387570949361336324
1387663250284683265
1388500404825202690
1387382973465460736
1387574965277319168
1387756431835815945
1387568248762388483
1387581244934864896
1387546103537623040
1387561406493560832
1389180672267493377
1387417131290173440
1389162410037039104
1389159596082663424
1389157321943633922
1387564359153381376
1387567383255031809
1387559839241412609
1389164935922417672
1389179969989799940
1388966877641117696
1387567377424949254
1388993371041980418
1389004942245912581
1387216940901429249
1389014690571767808
1387412586879062022
1387434029088079873
1387359214490644484
1387158832594358274
1387168560376520708
1387310388715294727
1387429509960327168
1389011546362155010
1389030282888564737
1387663236086984705
1387273748944805888
1387382967454998528
1387652452304916482
1389030111307993093
1387564352757112834
1387591172248399882
1388968417319813122
1388994959991214083
1387595238588391425
1387203212734713858
1387413864677974019
1387452174729236480
1389067442966515721
1387315204757725187
1389164929920290819
1387557479219798023
1387604099948965888
1389003241971613698
1389027412059451401
1387562840983183361
1387577136408457216
1387567618115080198
1389026632908738562
1387656394925436931
1387310907550625793
1389017454597214209
1387423048282738689
1389028653959237637
1387362387859107840
1387407327850995715
1387444909800525827
1387597662631841792
1389061567212257284
1387308721747808258
1388358186311176193
1387657922327375873
1387353083861106690
1387395778956599300
1387427585886326786
1387355757771837445
1389002586498375681
1389019304096460801
1387560913000034311
1389018971261730816
1389012787733491715
1389162403628150784
1388982228483383299
1387597881884909569
1389035956129329155
1388998831014957056
1387650110809468928
1389077234942545920
1387221624135446533
1387366116205285381
1387209556950863873
1387556008025681920
1388995797325279232
1389045800836079616
1389022378445840387
1388997591405264896
1387421747197083656
1389001870572548101
1387305712657731585
1389157315534757894
1387177018723241986
1387146540402180097
1388973032849383426
1388992677564190723
1387602009432281097
1387570936472215555
1387548183685828614
1387550140358004737
1388974509542182914
1389030931608920064
1388967240402309120
1389007210525564928
1388995212710608896
1387544998443319297
1387394509974085637
1387424995505164298
1387436242627747841
1387208524862672900
1387439044762669063
1389004530080108545
1388998578803077121
1389050619768369152
1388984305829908482
1389032938004643840
1389025816571367424
1389024994110234626
1389017438818242563
1388988552822755329
1387480708315156480
1387648779348627461
1387616355873026052
1387206585605181441
1388969978561368067
1387168947804377089
1387594928331530240
1387480885109219328
1388999161689694209
1389018013173796865
1387168990452088833
1387559833210003457
1389016227276738560
1388983040609714176
1387603245560832005
1388985152831774722
1388973074817589248
1387183419797368833
1387440023193088001
1387139679867133957
1387143123881447425
1388964951809695747
1387574958633541634
1387173964280041472
1389025483057090562
1389016907219566592
1387165023387066368
1389021914144772101
1388962778346491904
1389006269919358978
1388998050681483265
1389004808141643780
1387411216709021700
1388978878362779650
1387137234734698499
1387165204128043012
1389042707234840578
1389023189875847171
1388977930928152576
1388974642627366914
1387499105622978560
1387148561180028931
1387176619672932356
1387622544505597956
1388973970301480964
1389013550174072833
1389029463279620097
1387568002132975619
1387571302093910016
1387367740768284672
1387585071402524675
1387431684283404293
1387431172569931777
1389019968503640066
1387211745207341056
1389000162886885386
1388960262938456065
1388990854484807681
1387411217078112261
1388981983280209921
1387455262642954240
1389000304226553858
1389002479048609795
1387228227693801472
1387554581152821249
1389049015451324416
1387650723836358656
1389058346607542274
1389011595112587264
1387579912236662784
1387179314953678849
1387225652101672960
1389040382646779905
1387236596517203971
1387152888695201794
1389014208755363841
1387277629523333121
1388989681455353857
1387315751757836288
1388962250539421700
1387598846709026819
1387231455357534210
1387606101252739078
1387172627672797185
1387652793582772229
1387166318571319299
1387441534535016452
1387600624485761024
1387212668503609344
1389179963941691392
1387199894171967492
1387396535483133952
1387269957486972937
1389022567554371584
1389159590311325698
1387218862781829125
1388975604062584833
1387364286524137475
1387332645726556163
1387165517060874246
1387563890507083780
1387581334063747077
1387328245465374721
1387160173987319812
1389001601109561347
1387436905772449793
1387149958134964226
1387271938460983298
1387151926588964864
1388996480011173888
1387560997401939976
1389010334132760576
1389074537094938625
1387233897591689218
1387166297646002180
1387370930515623936
1388993984039587842
1387607759403720706
1389055474918588421
1387420845090344960
1387163621151571971
1387432508480970759
1387647743296892934
1387174950914510849
1387589784017666055
1387417286781276168
1389060583350161412
1387392039310872580
1387576506969329671
1389164393552822275
1389172156119109636
1389160083448377344
1389158133130571776
1389157955099037700
1389147521277124609
1389144655313481728
1387567623802523648
1388993294718341122
1389055004506345472
1389056877548511234
1389064284928286722
1389063303352123395
1389073380574318595
1389057229098127363
1389075752772112388
1389031505775656961
1389128515182727168
1389060186803884032
1389059642056052739
1387613849994498049
1389070206337568769
1387151750449221633
1389114391736500225
1389102844696055809
1389093610516267010
1389089931675545602
1387314612475924481
1387165581275803649
1387831599354548227
1387824649107644420
1387918552569630725
1387919059178729473
1387920630595608584
1387932802713374727
1387857293224591361
1387947681985728515
1387999819172564992
1387857555607724033
1387918795579269123
1389088419847065604
1389076027452792838
1387856719464837121
1387822226561437700
1388945287276908545
1387260130287304704
1389080677933588482
1389064172676292611
1389080133844221952
1389057700147904516
1389069527439269893
1389069884517142531
1389066461587591169
1389067457344819200
1389020020949327876
1389009960873480197
1389021511063851008
1389077875828088832
1389077368514490370
1389068406025039872
1389074427522990083
1389072363229167623
1389052645009154050
1389061401910579203
1388176934065131528
1389074372057473024
1389071824927879169
1387579613677854720
1389071508190941191
1389069781282836480
1389069315413057539
1389069265144324096
1389053612920381440
1389055583425384450
1389068280606904325
1389067475375906816
1389061573432406019
1387545004340498432
1389042713287303170
1387550146330730498
1387554586999726081
1389024999906832390
1389035962047422464
1389025488870395907
1389030937447395339
1387548190371549184
1389055481830723585
1389029469302657026
1389049021273042948
1389022574076579840
1389050625640472578
1389058352798306305
1387560918779793408
1389017460456628226
1389060589050220544
1387556013784457216
1389067448708603907
1389040388476870658
1389019974451138560
1389045806976552961
1388973046103375874
1389055910711078913
1389066244851126273
1389050115525054464
1389058814532628482
1389011667724513284
1387486095538016260
1387578251380469763
1388661637498998784
1387209297948549122
1389030713362681860
1389054825552306179
1389038918004248576
1389024339148910592
1389051414303870979
1389043207196057603
1389026458014650369
1389064572716392448
1389038218423767043
1387598492915453956
1387231886410387456
1388991129350254600
1389007381003124740
1387625670709235715
1389050840795783168
1389058250239356929
1389062287961608194
1387153925170737153
1389061375335481347
1387586112777068547
1388979366353383429
1389020505861206017
1389060689608708099
1389051351456485376
1388520154162683911
1389004079763009540
1389014009735753732
1388400699810136067
1388988177864609796
1389021241009442821
1389000296085561350
1389050483822768128
1388212929451941894
1389055982152601605
1387579739011960837
1389049975934423040
1389063835781369858
1388978619482058753
1388402309680570369
1389032003304108035
1389044703497265160
1389061462769995776
1389060783951261697
1387417727229468680
1389006017476837379
1388291024590712834
1389004289570443264
1389055032809730052
1389059895224373250
1389056996037603333
1389050616958394369
1389047793696874504
1389044460097576960
1389002671659655187
1389018249044582402
1387195728141897734
1389057551556304896
1389054114135527427
1389049784204288002
1389050994026115073
1389056738289201155
1389056308486316032
1389053291561115656
1389051358033203205
1389031967333699584
1389024366931943427
1389043887575117824
1389046585984700418
1389056162713190402
1389055605294436352
1389055325320450050
1389054779784110084
1389055156667527170
1387610198475427844
1387278112241635336
1389051251975929856
1389002268461109250
1389054719415492609
1387974662861344775
1389054257350025217
1389054058514747392
1388997038910722050
1389051821952544768
1387148600560558081
1387572843911782400
1389053559136731136
1389052670187606019
1388997200018038785
1389052648335331331
1389048829366870019
1389019453929582593
1388999493056532481
1389028337155133443
1389017784449830916
1389031679180763136
1388978416481828864
1389000885468995590
1388997837187215360
1389003695359098884
1389052065431838720
1387574787254456323
1389051890210648071
1387583195919552514
1388997614788620290
1389046335265988613
1387585321009926147
1388999326425305095
1389051850587054086
1389051762947022852
1387270782800236545
1387440855007567874
1389051457895272448
1389050058356711424
1387271623665983488
1389048516480282632
1389051442950967298
1388997024088043520
1389004459855028230
1389006895546044417
1387464249694425091
1387587533379457026
1389051377268269057
1388539073153884162
1389014009156972547
1389016881911173122
1389005357985509376
1389050949784715266
1389047672443654144
1388974167484215296
1389050170348802049
1387273795929468930
1389015759918088198
1388998016640720897
1389049403680464903
1389049779972411399
1387238280815648769
1389046618675048451
1388919643776159750
1387877065735786498
1389045095178059780
1389044684752711681
1389043530702757896
1389030103795912709
1389037665991880707
1389034907805040642
1388998061813288961
1389031771443023875
1389031376058556416
1389028247212527617
1389027581953990657
1389027391767556096
1387576068593291264
1389024030280364036
1389023793671254018
1389023513483354121
1389021587274403841
1389017792960155648
1389016935313166337
1389016702474653702
1389016469904691202
1389015952088571908
1389015058643144709
1389001080646868997
1389011779108413441
1388985392909537281
1389004994028920835
1389001470536728576
1389000847493931008
1388999366304833537
1388997613299638275
1387566132467486720
1388986453477281812
1387159049884553223
1388980356850802691
1388977148510318595
1388977537414574082
1388977241107877908
1388973923459600385
1387416520351965185
1388977212154683402
1388961174478331907
1388963173060030464
1388974530891329541
1388970924393836554
1388969429187403780
1388964357632053248
1388223620120514564
1387555375763922947
1388938754245672961
1388930969122615297
1388921859006210048
1387578365469671431
1387814204510441473
1388832062040326147
1388886069043732480
1388881434534887431
1387252774979653634
1388875408372912129
1388861196674248707
1388841889126813702
1388833150671884293
1388831397771714562
1388720748446076930
1388675367674650626
1388660795806941187
1387430244789878785
1388667970746978310
1388258353286090753
1388485196622749700
1387877713793400834
1388667594236993537
1388273480827916293
1387825448357404683
1388665684360577030
1388666456695623681
1388634051200917505
1388279293462163458
1388618019325292544
1387861964165165056
1388614670303449090
1388351832704094214
1388350349564682242
1387902170146672654
1388351587211485186
1387921333435109377
1387977187614240769
1387902877268692998
1388306954930606082
1387913473179504642
1387922491612569611
1388210045339512832
1387975140118605825
1388184226063949827
1388581472630624259
1387938817496305674
1388314633459601408
1387916494957334536
1387906061194178562
1388313416683692038
1387904077435183105
1387905583286833159
1388309344006062080
1387971090987855873
1388310204215857156
1388311108017180675
1388313152467701766
1388612184771645446
1387940355023282179
1387905333524369408
1387914807408566274
1387914218771566592
1387921004685635587
1387912930566578176
1388313845651890179
1387923122477846529
1388309909477937153
1388276673133613056
1387910621916717060
1388606789952937984
1387598819001618434
1388584666874187782
1387642530486001664
1387209563020009475
1388578444125016066
1388568943443460100
1388565638352887824
1387938692317126656
1388558843714494464
1388524668655652869
1388526513402810378
1388523827848785929
1388557903305576448
1388516806072078337
1388553353811070976
1388552243364892677
1388549327765839872
1388547021016084485
1388524405727313922
1388523602279112704
1388492942118117383
1388488143045791752
1388477995883630592
1387142172860985350
1388462168698494977
1388389940745187330
1388371556372525058
1388360992451661825
1388303807306735618
1388288793015422981
1387578503852351488
1388281410587439107
1388261287143088131
1388260161496702976
1388257714132946946
1388247108310867969
1388228717449605122
1388243615114203138
1388243130294624257
1388228151755558912
1388223390012559361
1387493576607551489
1387521004176437250
1387616821277122563
1387596754862759936
1387557485582503939
1387571308523708417
1387607766529765377
1387656400789118978
1387571317205917696
1387648799103979521
1387557494591873024
1387602015249788930
1387656409655906307
1387499111662817280
1387602024145981440
1387647749210865664
1387648789708636162
1387563896349741057
1387647757423316993
1387595253268443140
1387595244632305665
1387563906197966850
1388216151663169536
1387429271057178628
1387496302217363457
1388204212689981443
1388190026870181889
1388176864057901057
1387421753295527938
1387407334322831361
1387425001800814601
1387429516046258177
1387427591968100353
1387431178425094150
1387452181146603537
1387411223147270151
1387412593841623043
1387423054041554946
1387455269345452036
1387432514503856131
1387417293060120576
1387420851058798594
1387440028918317063
1387411223403061255
1387413870776516610
1387436249237970947
1388167733217476608
1388160826838769666
1388156346466553856
1388146910658138117
1388142541682450445
1387216357691994118
1388139785496182791
1387632229438967809
1388136077077196804
1388126942809968643
1388113102349156358
1388092673245032452
1387975451306610699
1387973147371180033
1387960530191667212
1387958846904279045
1387954462204047364
1387952671152394252
1387951160204558340
1387921069030494210
1387912561048305667
1387161316796813315
1387778132426506242
1387887082111184897
1387905888502026244
1387891057623326720
1387887686443180032
1387887942442491904
1387885784850604032
1387884891589660672
1387573980933013512
1387889823369809923
1387574422849085444
1387651221922754566
1387649848531464192
1387245843879710721
1387880888000827396
1387873409367937024
1387872564987498496
1387868240882274306
1387486881105932288
1387851338466439172
1387842244900757512
1387840681721405441
1387839911080853505
1387839872086339585
1387832362784940032
1387831139826552832
1387815579193589770
1387808302525030402
1387576970893045760
1387805335302311936
1387797134569840645
1387769423361159176
1387596179488317445
1387736800832200704
1387735560454819843
1387704123408199680
1387700340020105217
1387696673825112077
1387676239415099394
1387672746709164032
1387199989781254152
1387655123036426240
1387653904490508289
1387150818780979200
1387303199481098240
1387645491408773121
1387643600758927363
1387620148186546177
1387641824622284800
1387639660231512064
1387637118688706560
1387636565682294784
1387633095499780115
1387633068010262528
1387632024559759364
1387626668911628289
1387625712232935430
1387624923506565120
1387623933374042115
1387622615775387650
1387621746430431235
1387619635592409092
1387619167952531463
1387221387568304135
1387221580510490625
1387617373994332162
1387614174281355265
1387612478998188033
1387577810622029832
1387612211166826497
1387412001341808644
1387607218783199247
1387601740166582272
1387611813509017603
1387605178111700992
1387610866728722441
1387609926890106880
1387242407281012740
1387608613276028928
1387608355544387584
1387597160523472899
1387608312619864067
1387608290142695425
1387606612899160066
1387606378001412099
1387605560946745344
1387605538553352193
1387605201906028550
1387604931037777922
1387604531354157057
1387604188314673153
1387603683370745857
1387603354545762308
1387572560544600070
1387603214963548161
1387602186465685504
1387601266826690568
1387159946446491656
1387599439578091520
1387598551182712832
1387598080170733579
1387597877845823492
1387597685121863680
1387597304287408133
1387595965360660496
1387595877607424001
1387595423926431746
1387595328153587722
1387595055943323650
1387594590241312778
1387594482766516229
1387593719801597956
1387593477127561216
1387592821796913154
1387578915300970497
1387592781166690304
1387592632340209665
1387592464186421256
1387592368258494468
1387592293335674880
1387592147294203907
1387592011793018887
1387591996047609856
1387591851792871426
1387591826996092930
1387591717046652928
1387591293212282888
1387591058318561284
1387590723411775489
1387582387366899713
1387574054358507523
1387590556612710400
1387589988322263048
1387589174581202945
1387588876005433352
1387588661164875781
1387588613421113345
1387588361464975360
1387588270620651526
1387588246012633088
1387588172704534531
1387588100763885572
1387586345980227587
1387585666691878912
1387587502836523014
1387587494158426113
1387587426827243521
1387587346871296006
1387587118009102345
1387587095687057412
1387586366150688770
1387586274266128384
1387585376529813506
1387585360226574338
1387585258644811782
1387584746440601609
1387578663038853120
1387584585937129480
1387584521760030720
1387584383956226048
1387584266985422849
1387584207380226055
1387584017130741761
1387583929264320519
1387422523571249163
1387577546162774022
1387506916457385985
1387569570907664387
1387583805192613892
1387334987737927681
1387515564915048450
1387191535838666753
1387575592866963463
1387329317953314824
1387572482962608128
1387583703367524353
1387574212987133956
1387583644391325697
1387572487827902472
1387566504535805954
1387583465529413636
1387216850149388291
1387309356635537410
1387310205571145729
1387582590392143880
1387222945328685064
1387218494257778689
1387311701767426049
1387171124786733056
1387583283559550977
1387579004639711233
1387583094119669761
1387582776598224901
1387582710114365446
1387582683946102786
1387582677612650499
1387582268521263110
1387582147104489475
1387582077407830018
1387581953713393668
1387581947568812033
1387581848931520516
1387581802294951938
1387581428326617088
1387581154040107021
1387581137531330561
1387580856408199174
1387580817673793539
1387580772694077442
1387577755274031106
1387580596529025028
1387580498852077570
1387580340785516549
1387580249953738754
1387580004855291906
1387579974559862789
1387579803918905352
1387577971448426499
1387579788202741765
1387579784201490432
1387579779189297159
1387579534384435206
1387579436028108801
1387579401961975814
1387579384823963648
1387579266250989574
1387579205832126467
1387579083865923587
1387578934410219535
1387578851807662085
1387578791212593155
1387578734719426563
1387578721218011144
1387578657087098881
1387578640418885633
1387578623884935173
1387578550786658310
1387578520927342596
1387578419282595840
1387578214365679618
1387578193838845953
1387578186943315969
1387578173714485250
1387578162255642629
1387578106207158283
1387577908407980036
1387577890368368641
1387577605063335940
1387577604987920389
1387577575321526272
1387577537447055368
1387577526722170883
1387577517779914754
1387577431222018048
1387577387668418561
1387577319133433859
1387577288615768064
1387577143182479362
1387572920990552065
1387576254191263745
1387577140573573120
1387577030565318664
1387576904329441284
1387576834569785345
1387576773915856899
1387576732899856385
1387576720568561669
1387576647067525120
1387576560455241730
1387576490632560641
1387576420302528512
1387576334495399936
1387576200139362309
1387576026675376131
1387575965207891969
1387575770621648902
1387566683204763654
1387575723523727364
1387575508771147778
1387575455541235718
1387575414646661120
1387575399941541888
1387575394677661697
1387575273458126850
1387575227169873925
1387574932314406914
1387574873455742978
1387574849292341249
1387574755142905860
1387574649844899842
1387574498602504197
1387574405707018240
1387574307799420932
1387249727176159233
1387574155428732931
1387573579923984388
1387573179258970119
1387573176658505728
1387573170236973058
1387568194244726786
1387572988044795905
1387572937214005254
1387572661400784896
1387282772255854597
1387572567435882500
1387572533138952195
1387572282361532421
1387572219203801088
1387572033857466375
1387571860724932612
1387571762473406468
1387571751874355206
1387571606881554433
1387571572907646984
1387571446763905026
1387571158334246914
1387568879338147841
1387568387577065477
1387568370288037888
1387568061725687814
1387566937643884544
1387566572005384195
1387565592257998848
1387566457375100930
1387563176766607368
1387564446344781828
1387172760607199236
1387164788145459203
1387175451433525251
1387167688712200192
1387164611569389569
1387165004881870851
1387165913812770822
1387563849025527808
1387563498650152965
1387164132215037952
1387164213907443717
1387562993836244993
1387562783726837760
1387558646293401600
1387558599791153160
1387557765665759240
1387557319999836161
1387217891154534404
1387555035270160386
1387553784621056000
1387553573890895875
1387548990418341890
1387277853859909632
1387275229341302788
1387546322086072322
1387544261256794114
1387524849996861446
1387520598172213248
1387503607512276998
1387517920339693572
1387513803160670209
1387508840636338177
1387507707863764992
1387199967874502662
1387412695398293505
1387500530637881344
1387493320566398984
1387491041985564680
1387473274024587265
1387183052468592643
1387472652089049097
1387471667572707332
1387471076398149633
1387470944596287489
1387448398983401478
1387437283020873736
1387389436741226500
1387424964987457539
1387420191433318405
1387417709290430473
1387412327792889857
1387411332660596745
1387398329420500998
1387384421897183239
1387384026386911235
1387341722414374914
1387382296639066120
1387379500946710532
1387378747909754882
1387360220079435776
1387347756315029506
1387374412886859781
1387374303885160452
1387372675174072320
1387363747040305153
1387315897405169666
1387295080067780612
1387142786848333836
1387284544261435394
1387277977889689601
1387271166457520133
1387272900659589122
1387273339870138370
1387272285799829508
1387271711993835521
1387148412471193600
1387267336818790401
1387248726994034688
1387249986526646273
1387249820046331906
1387240970014560262
1387229533804404737
1387228910098677763
1387225479514624006
1387225219522351110
1387225109383966726
1387217952211193862
1387214965443018763
1387209274900860929
1387199996404006914
1387170938404306948
1387196954824691714
1387207669132316674
1387171756780101633
1387205842727014401
1387205920795529217
1387205152663379971
1387201023018770439
1387200179191824391
1387197537178816519
1387194792749060099
1387193126201315330
1387164839500468237
1387189577249591300
1387187077389901827
1387180628320337920
1387180244117901316
1387176103215763458
1387175591724699648
1387173977987026944
1387160179800641536
1387160187253886976
1387173970093383686
1387174282661449733
1387169493911232513
1387170052504526850
1387168818578038786
1387164926729363456
1387163937687355392
1387162566527438850
1387159294207004674
1387155899878420481
1387151687081660430
1387148486441902085
1387144210583797763
1387142617436151815
1387137240929693696
1387137240929693696
1387137234734698499
1387134866370748420
1387134652767522819
1387129419056177155
1387127146162888704
1387054634204745733
1387111614130925574
1387108142329352195
1387107031962771456
1387037284499922945
1387098079527120900
1387074567080919052
1387098057402159110
1387097480811122695
1387096015879147525
1387095335311392774
1387094769625616385
1387090612768346117
1387088609237479432
1387088603701026820
1387086968354451460
1387086745729224709
1387085049720410117
1387025395992694785
1387077925330202625
1387033960128159745
1387026316394995713
1387072322444668933
1387072102117822466
1387070162210328577
1387068453912150024
1387065123534217217
1387063655565602816
1387060422528876549
1387059795535011841
1387057743261888513
1387057055006003202
1387053586060701699
1387052837914435587
1387045136765382662
1387042053452820483
1387039786544758794
1387027602523791362
1387026444006707201
1387039252924436481
1387035526503489536
1387034681498087424
1387033205136633857
1387030479464017929
1387029913186705415
1387029320632311811
1387028913226981383
1387028283309662211
1387027870648840198
1387026722999181318
1387026408946421762
1387025562024255490
1387025135685836801
1387025034603008000
1387023370269728769
1387021430735441924
1387014578484170753
1387012497891278848
1387001643724689408
